id,title,condition,listing_type_id,permalink,buying_mode,site_id,category_id,domain_id,price,available_quantity,official_store_id,accepts_mercadopago,stop_time,location,seller_contact,catalog_listing,promotions,official_store_name,category,shipping_store_pick_up,shipping_free_shipping,shipping_logistic_type,shipping_mode,shipping_tags,shipping_benefits,shipping_promise,seller_id,seller_nickname
MCO2212860320,"Venta De Apto Con Dos Compartimientos Separados Consistentes En Sala Y Dormitorios Trayendo Así Mas Comodidad Y Considera Las Aéreas Como Sala , Comedor , Balcón Y Cocina , Tres Habitaciones Tres Baño",used,gold_premium,https://apartamento.mercadolibre.com.co/MCO-2212860320-venta-de-apto-con-dos-compartimientos-separados-consistentes-en-sala-y-dormitorios-trayendo-asi-mas-comodidad-y-considera-las-aereas-como-sala-comedor-balcon-y-cocina-tres-habitaciones-tres-bano-_JM,classified,MCO,MCO1474,MCO-INDIVIDUAL_APARTMENTS_FOR_SALE,260000000,1,,False,2024-08-15T04:00:00.000Z,"{'address_line': 'El Prado, Norte Centro Historico, Barranquilla, Atlántico, Colombia', 'zip_code': '', 'subneighborhood': None, 'neighborhood': {'id': 'TUNPQkVMUDc1Mjk0Mg', 'name': 'El Prado'}, 'city': {'id': 'TUNPQ0JBUjkzOTg0', 'name': 'Barranquilla'}, 'state': {'id': 'TUNPUEFUTG9mNDk5', 'name': 'Atlántico'}, 'country': {'id': 'CO', 'name': 'Colombia'}, 'latitude': 10.9984319, 'longitude': -74.7966079}","{'contact': '', 'other_info': '', 'webpage': '', 'area_code': '', 'phone': '', 'area_code2': '', 'phone2': '', 'email': ''}",False,[],,MCO1459,False,False,,not_specified,[],,,194896875,LOES1813675
MCO2200294148,Vencambio Estación De Servicios El Hato Puerto Araujo Santander ,used,gold_premium,https://apartamento.mercadolibre.com.co/MCO-2200294148-vencambio-estacion-de-servicios-el-hato-puerto-araujo-santander-_JM,classified,MCO,MCO1474,MCO-INDIVIDUAL_APARTMENTS_FOR_SALE,4800000000,1,,False,2024-08-03T04:00:00.000Z,"{'address_line': 'Puerto Araujo', 'zip_code': '', 'subneighborhood': None, 'neighborhood': {}, 'city': {'id': 'TUNPQ0hBVDUwYmY4', 'name': 'Hato'}, 'state': {'id': 'TUNPUFNBTnJlMjMw', 'name': 'Santander'}, 'country': {'id': 'CO', 'name': 'Colombia'}, 'latitude': 6.51669, 'longitude': -74.09996}","{'contact': 'Apoyo Integral Propiedad Raíz', 'other_info': '', 'webpage': '', 'area_code': '', 'phone': '', 'area_code2': '', 'phone2': '', 'email': ''}",False,[],,MCO1459,False,False,,not_specified,[],,,64665768,APOYOINTEGRALPROPIEDADRAIZ
MCO1389074289,Venta De Apartamento En Envigado Barrio La Magnolia,used,gold_premium,https://apartamento.mercadolibre.com.co/MCO-1389074289-venta-de-apartamento-en-envigado-barrio-la-magnolia-_JM,classified,MCO,MCO1474,MCO-INDIVIDUAL_APARTMENTS_FOR_SALE,450000000,1,,False,2024-08-04T04:00:00.000Z,"{'address_line': 'Tv. 32c Sur #20, Las Flores, Envigado, Antioquia, Colombia', 'zip_code': '', 'subneighborhood': None, 'neighborhood': {'id': 'TVhYTGEgTWFnbm9saWFUVU5QUTBWT1ZqVTVZa', 'name': 'La Magnolia'}, 'city': {'id': 'TUNPQ0VOVjU5YjYx', 'name': 'Envigado'}, 'state': {'id': 'TUNPUEFOVGFiZWI3', 'name': 'Antioquia'}, 'country': {'id': 'CO', 'name': 'Colombia'}, 'latitude': 6.1763393, 'longitude': -75.5798184}","{'contact': '', 'other_info': '', 'webpage': '', 'area_code': '', 'phone': '', 'area_code2': '', 'phone2': '', 'email': ''}",False,[],,MCO1459,False,False,,not_specified,[],,,280906476,MEJIAGUERRAPROPIEDADES
MCO1388435517,Apartamento En Arriendo En Envigado Sector La Cuenca,used,gold_premium,https://apartamento.mercadolibre.com.co/MCO-1388435517-apartamento-en-arriendo-en-envigado-sector-la-cuenca-_JM,classified,MCO,MCO1473,MCO-APARTMENTS_FOR_RENT,2250000,1,,False,2024-05-06T14:02:51.000Z,"{'address_line': '', 'zip_code': '', 'subneighborhood': None, 'neighborhood': {'id': 'TVhYTGEgQ3VlbmNhVFVOUFEwVk9WalU1WWpZe', 'name': 'La Cuenca'}, 'city': {'id': 'TUNPQ0VOVjU5YjYx', 'name': 'Envigado'}, 'state': {'id': 'TUNPUEFOVGFiZWI3', 'name': 'Antioquia'}, 'country': {'id': 'CO', 'name': 'Colombia'}, 'latitude': 6.155108, 'longitude': -75.5964503}","{'contact': 'Grupo Respaldo Inmobiliario', 'other_info': '', 'webpage': '', 'area_code': '', 'phone': '', 'area_code2': '', 'phone2': '', 'email': ''}",False,[],,MCO1459,False,False,,not_specified,[],,,1194088518,GRUPORESPALDOINMOBILIARIOSA
MCO1388448177,Casa  En Arriendo Envigado Sector Las Palmas,used,gold_premium,https://casa.mercadolibre.com.co/MCO-1388448177-casa-en-arriendo-envigado-sector-las-palmas-_JM,classified,MCO,MCO1467,MCO-HOUSES_FOR_RENT,20000000,1,,False,2024-05-06T13:55:32.000Z,"{'address_line': '', 'zip_code': '', 'subneighborhood': None, 'neighborhood': {'id': 'TVhYTGFzIFBhbG1hc1RVTlBRMFZPVmpVNVlqW', 'name': 'Las Palmas'}, 'city': {'id': 'TUNPQ0VOVjU5YjYx', 'name': 'Envigado'}, 'state': {'id': 'TUNPUEFOVGFiZWI3', 'name': 'Antioquia'}, 'country': {'id': 'CO', 'name': 'Colombia'}, 'latitude': 6.1672865, 'longitude': -75.5836963}","{'contact': 'Grupo Respaldo Inmobiliario', 'other_info': '', 'webpage': '', 'area_code': '', 'phone': '', 'area_code2': '', 'phone2': '', 'email': ''}",False,[],,MCO1459,False,False,,not_specified,[],,,1194088518,GRUPORESPALDOINMOBILIARIOSA
MCO1388447997,Local En Arriendo Medellín Sector Laureles,used,gold_premium,https://inmueble.mercadolibre.com.co/MCO-1388447997-local-en-arriendo-medellin-sector-laureles-_JM,classified,MCO,MCO50560,MCO-RETAIL_SPACE_FOR_RENT,3500000,1,,False,2025-02-05T14:10:40.000Z,"{'address_line': '', 'zip_code': '', 'subneighborhood': None, 'neighborhood': {'id': 'TUNPQkxBVTg0OTAyNg', 'name': 'Laureles'}, 'city': {'id': 'TUNPQ01FRGRjNjc4', 'name': 'Medellín'}, 'state': {'id': 'TUNPUEFOVGFiZWI3', 'name': 'Antioquia'}, 'country': {'id': 'CO', 'name': 'Colombia'}, 'latitude': 6.2476376, 'longitude': -75.5658153}","{'contact': 'Grupo Respaldo Inmobiliario', 'other_info': '', 'webpage': '', 'area_code': '', 'phone': '', 'area_code2': '', 'phone2': '', 'email': ''}",False,[],,MCO1459,False,False,,not_specified,[],,,1194088518,GRUPORESPALDOINMOBILIARIOSA
MCO1372997149,Apartamento En Arriendo En El Poblado  Sector Milla De Oro,used,gold_premium,https://apartamento.mercadolibre.com.co/MCO-1372997149-apartamento-en-arriendo-en-el-poblado-sector-milla-de-oro-_JM,classified,MCO,MCO1473,MCO-APARTMENTS_FOR_RENT,5500000,1,,False,2024-04-04T02:28:32.276Z,"{'address_line': '', 'zip_code': '', 'subneighborhood': None, 'neighborhood': {'id': 'TUNPQkVMUDI3MDA0Ng', 'name': 'El Poblado'}, 'city': {'id': 'TUNPQ01FRGRjNjc4', 'name': 'Medellín'}, 'state': {'id': 'TUNPUEFOVGFiZWI3', 'name': 'Antioquia'}, 'country': {'id': 'CO', 'name': 'Colombia'}, 'latitude': 6.2049178, 'longitude': -75.5727579}","{'contact': 'Grupo Respaldo Inmobiliario', 'other_info': '', 'webpage': '', 'area_code': '', 'phone': '', 'area_code2': '', 'phone2': '', 'email': ''}",False,[],,MCO1459,False,False,,not_specified,[],,,1194088518,GRUPORESPALDOINMOBILIARIOSA
MCO1372957703,Apartamento En Arriendo En Envigado Sector Av Las Vegas,used,gold_premium,https://apartamento.mercadolibre.com.co/MCO-1372957703-apartamento-en-arriendo-en-envigado-sector-av-las-vegas-_JM,classified,MCO,MCO1473,MCO-APARTMENTS_FOR_RENT,3800000,1,,False,2024-04-04T01:59:46.279Z,"{'address_line': '', 'zip_code': '', 'subneighborhood': None, 'neighborhood': {'id': 'TVhYTGFzIFZlZ2FzVFVOUFEwVk9WalU1WWpZe', 'name': 'Las Vegas'}, 'city': {'id': 'TUNPQ0VOVjU5YjYx', 'name': 'Envigado'}, 'state': {'id': 'TUNPUEFOVGFiZWI3', 'name': 'Antioquia'}, 'country': {'id': 'CO', 'name': 'Colombia'}, 'latitude': 6.180641, 'longitude': -75.5878655}","{'contact': 'Grupo Respaldo Inmobiliario', 'other_info': '', 'webpage': '', 'area_code': '', 'phone': '', 'area_code2': '', 'phone2': '', 'email': ''}",False,[],,MCO1459,False,False,,not_specified,[],,,1194088518,GRUPORESPALDOINMOBILIARIOSA
MCO1371424127,Apartamento En Arriendo Valle Del Lili 303-109453,used,gold_premium,https://apartamento.mercadolibre.com.co/MCO-1371424127-apartamento-en-arriendo-valle-del-lili-303-109453-_JM,classified,MCO,MCO1473,MCO-APARTMENTS_FOR_RENT,2000000,1,1844.0,False,2024-03-13T04:00:00.000Z,"{'address_line': 'VALLE DEL LILI', 'zip_code': '', 'subneighborhood': None, 'neighborhood': {'id': 'TUNPQlZBTDQzOTkwNg', 'name': 'Valle Del Lili'}, 'city': {'id': 'TUNPQ0NBTDYyZDA0', 'name': 'Cali'}, 'state': {'id': 'TUNPUFZBTGExNmNjNg', 'name': 'Valle Del Cauca'}, 'country': {'id': 'CO', 'name': 'Colombia'}, 'latitude': 3.3650623, 'longitude': -76.5325333}","{'contact': 'Vicky Lorena Pinchao Criollo', 'other_info': 'carrera 14 no. 83-54 piso 2', 'webpage': '', 'area_code': '', 'phone': '', 'area_code2': '', 'phone2': '', 'email': ''}",False,[],Bienco Inmobiliaria,MCO1459,False,False,,not_specified,[],,,164069976,SPA SAS
MCO1368263823,Casa En Arriendo Envigado Sector Loma Del Escobero ,used,gold_premium,https://casa.mercadolibre.com.co/MCO-1368263823-casa-en-arriendo-envigado-sector-loma-del-escobero-_JM,classified,MCO,MCO1467,MCO-HOUSES_FOR_RENT,8000000,1,,False,2024-03-21T14:58:33.780Z,"{'address_line': '', 'zip_code': '', 'subneighborhood': None, 'neighborhood': {'id': 'TVhYTG9tYSBEZWwgRXNjb2Jlcm9UVU5QUTBWT', 'name': 'Loma Del Escobero'}, 'city': {'id': 'TUNPQ0VOVjU5YjYx', 'name': 'Envigado'}, 'state': {'id': 'TUNPUEFOVGFiZWI3', 'name': 'Antioquia'}, 'country': {'id': 'CO', 'name': 'Colombia'}, 'latitude': 6.1621737, 'longitude': -75.56827}","{'contact': 'Grupo Respaldo Inmobiliario', 'other_info': '', 'webpage': '', 'area_code': '', 'phone': '', 'area_code2': '', 'phone2': '', 'email': ''}",False,[],,MCO1459,False,False,,not_specified,[],,,1194088518,GRUPORESPALDOINMOBILIARIOSA
MCO1364024649,Casa Campestre Amoblada En Arriendo Envigado Sector Loma Del Chocho,used,gold_premium,https://casa.mercadolibre.com.co/MCO-1364024649-casa-campestre-amoblada-en-arriendo-envigado-sector-loma-del-chocho-_JM,classified,MCO,MCO1467,MCO-HOUSES_FOR_RENT,24000000,1,,False,2024-03-10T14:40:42.856Z,"{'address_line': '', 'zip_code': '', 'subneighborhood': None, 'neighborhood': {'id': 'TVhYTG9tYSBkZWwgQ2hvY2hvVFVOUFEwVk9Wa', 'name': 'Loma del Chocho'}, 'city': {'id': 'TUNPQ0VOVjU5YjYx', 'name': 'Envigado'}, 'state': {'id': 'TUNPUEFOVGFiZWI3', 'name': 'Antioquia'}, 'country': {'id': 'CO', 'name': 'Colombia'}, 'latitude': 6.1672865, 'longitude': -75.5836963}","{'contact': 'Grupo Respaldo Inmobiliario', 'other_info': '', 'webpage': '', 'area_code': '', 'phone': '', 'area_code2': '', 'phone2': '', 'email': ''}",False,[],,MCO1459,False,False,,not_specified,[],,,1194088518,GRUPORESPALDOINMOBILIARIOSA
MCO2047120896,Apartamento En Arriendo Sabaneta Sector Alto De Las Flores,used,gold_premium,https://apartamento.mercadolibre.com.co/MCO-2047120896-apartamento-en-arriendo-sabaneta-sector-alto-de-las-flores-_JM,classified,MCO,MCO1473,MCO-APARTMENTS_FOR_RENT,4200000,1,,False,2024-03-10T15:33:04.154Z,"{'address_line': 'Alto De La Flores', 'zip_code': '', 'subneighborhood': None, 'neighborhood': {}, 'city': {'id': 'TUNPQ1NBQjliZjBm', 'name': 'Sabaneta'}, 'state': {'id': 'TUNPUEFOVGFiZWI3', 'name': 'Antioquia'}, 'country': {'id': 'CO', 'name': 'Colombia'}, 'latitude': 6.1493691, 'longitude': -75.6088443}","{'contact': 'Grupo Respaldo Inmobiliario', 'other_info': '', 'webpage': '', 'area_code': '', 'phone': '', 'area_code2': '', 'phone2': '', 'email': ''}",False,[],,MCO1459,False,False,,not_specified,[],,,1194088518,GRUPORESPALDOINMOBILIARIOSA
MCO2047119882,Casa Comercial Dúplex En Arriendo Envigado Loma Del Escobero,used,gold_premium,https://casa.mercadolibre.com.co/MCO-2047119882-casa-comercial-duplex-en-arriendo-envigado-loma-del-escobero-_JM,classified,MCO,MCO1467,MCO-HOUSES_FOR_RENT,15000000,1,,False,2024-03-10T15:03:17.219Z,"{'address_line': '', 'zip_code': '', 'subneighborhood': None, 'neighborhood': {'id': 'TVhYTG9tYSBEZWwgRXNjb2Jlcm9UVU5QUTBWT', 'name': 'Loma Del Escobero'}, 'city': {'id': 'TUNPQ0VOVjU5YjYx', 'name': 'Envigado'}, 'state': {'id': 'TUNPUEFOVGFiZWI3', 'name': 'Antioquia'}, 'country': {'id': 'CO', 'name': 'Colombia'}, 'latitude': 6.1574078, 'longitude': -75.567426}","{'contact': 'Grupo Respaldo Inmobiliario', 'other_info': '', 'webpage': '', 'area_code': '', 'phone': '', 'area_code2': '', 'phone2': '', 'email': ''}",False,[],,MCO1459,False,False,,not_specified,[],,,1194088518,GRUPORESPALDOINMOBILIARIOSA
MCO2046940714,Apartamento En Arriendo Medellin Sector Poblado,used,gold_premium,https://apartamento.mercadolibre.com.co/MCO-2046940714-apartamento-en-arriendo-medellin-sector-poblado-_JM,classified,MCO,MCO1473,MCO-APARTMENTS_FOR_RENT,9000000,1,,False,2024-03-10T15:12:52.765Z,"{'address_line': '', 'zip_code': '', 'subneighborhood': None, 'neighborhood': {'id': 'TUNPQkVMUDI3MDA0Ng', 'name': 'El Poblado'}, 'city': {'id': 'TUNPQ01FRGRjNjc4', 'name': 'Medellín'}, 'state': {'id': 'TUNPUEFOVGFiZWI3', 'name': 'Antioquia'}, 'country': {'id': 'CO', 'name': 'Colombia'}, 'latitude': 6.1972388, 'longitude': -75.5756833}","{'contact': 'Grupo Respaldo Inmobiliario', 'other_info': '', 'webpage': '', 'area_code': '', 'phone': '', 'area_code2': '', 'phone2': '', 'email': ''}",False,[],,MCO1459,False,False,,not_specified,[],,,1194088518,GRUPORESPALDOINMOBILIARIOSA
MCO1363933981,Casa En Venta En Sabaneta Sector San José,used,gold_premium,https://casa.mercadolibre.com.co/MCO-1363933981-casa-en-venta-en-sabaneta-sector-san-jose-_JM,classified,MCO,MCO1468,MCO-INDIVIDUAL_HOUSES_FOR_SALE,1600000000,1,,False,2024-06-08T15:24:13.080Z,"{'address_line': 'San José', 'zip_code': '', 'subneighborhood': None, 'neighborhood': {}, 'city': {'id': 'TUNPQ1NBTjlhNDE2', 'name': 'San José De La Montaña'}, 'state': {'id': 'TUNPUEFOVGFiZWI3', 'name': 'Antioquia'}, 'country': {'id': 'CO', 'name': 'Colombia'}, 'latitude': 6.1423245, 'longitude': -75.6177226}","{'contact': 'Grupo Respaldo Inmobiliario', 'other_info': '', 'webpage': '', 'area_code': '', 'phone': '', 'area_code2': '', 'phone2': '', 'email': ''}",False,[],,MCO1459,False,False,,not_specified,[],,,1194088518,GRUPORESPALDOINMOBILIARIOSA
MCO2041235126,Apartamento En Arriendo Medellín Sector Poblado ,used,gold_premium,https://apartamento.mercadolibre.com.co/MCO-2041235126-apartamento-en-arriendo-medellin-sector-poblado-_JM,classified,MCO,MCO1473,MCO-APARTMENTS_FOR_RENT,7000000,1,,False,2024-03-08T15:22:05.592Z,"{'address_line': '', 'zip_code': '', 'subneighborhood': None, 'neighborhood': {'id': 'TUNPQkVMUDI3MDA0Ng', 'name': 'El Poblado'}, 'city': {'id': 'TUNPQ01FRGRjNjc4', 'name': 'Medellín'}, 'state': {'id': 'TUNPUEFOVGFiZWI3', 'name': 'Antioquia'}, 'country': {'id': 'CO', 'name': 'Colombia'}, 'latitude': 6.2061241, 'longitude': -75.5505422}","{'contact': 'Grupo Respaldo Inmobiliario', 'other_info': '', 'webpage': '', 'area_code': '', 'phone': '', 'area_code2': '', 'phone2': '', 'email': ''}",False,[],,MCO1459,False,False,,not_specified,[],,,1194088518,GRUPORESPALDOINMOBILIARIOSA
MCO1965875002,Venta Apartamento 3 Alcobas Edificio Casa Blanca En Castillogrande ,used,gold_premium,https://apartamento.mercadolibre.com.co/MCO-1965875002-venta-apartamento-3-alcobas-edificio-casa-blanca-en-castillogrande-_JM,classified,MCO,MCO1474,MCO-INDIVIDUAL_APARTMENTS_FOR_SALE,2300000000,1,,False,2024-04-18T15:10:18.853Z,"{'address_line': 'Zona Residencial - Castillogrande', 'zip_code': '', 'subneighborhood': None, 'neighborhood': {}, 'city': {'id': 'TUNPQ0NBUjcwNTYz', 'name': 'Cartagena De Indias'}, 'state': {'id': 'TUNPUEJPTHI1Mzlk', 'name': 'Bolívar'}, 'country': {'id': 'CO', 'name': 'Colombia'}, 'latitude': 10.3938843, 'longitude': -75.5503553}","{'contact': 'Nicanor Carazo Realtors', 'other_info': '', 'webpage': '', 'area_code': '', 'phone': '', 'area_code2': '', 'phone2': '', 'email': ''}",False,[],,MCO1459,False,False,,not_specified,[],,,228270761,NICANORALBERTOCARAZOBUSTAMAN
MCO2200392484,Finca En Venta En Santa Fe De Antioquia Espectacular,used,gold_premium,https://inmueble.mercadolibre.com.co/MCO-2200392484-finca-en-venta-en-santa-fe-de-antioquia-espectacular-_JM,classified,MCO,MCO6403,MCO-FARM_HOUSES_FOR_SALE,2980000000,1,,False,2025-02-04T04:00:00.000Z,"{'address_line': 'San Jerónimo, Antioquia, Colombia', 'zip_code': '', 'subneighborhood': None, 'neighborhood': {}, 'city': {'id': 'TUNPQ1NBTjEyMGQ3', 'name': 'San Jerónimo'}, 'state': {'id': 'TUNPUEFOVGFiZWI3', 'name': 'Antioquia'}, 'country': {'id': 'CO', 'name': 'Colombia'}, 'latitude': 6.4428257, 'longitude': -75.7277669}","{'contact': '', 'other_info': '', 'webpage': '', 'area_code': '', 'phone': '', 'area_code2': '', 'phone2': '', 'email': ''}",False,[],,MCO1459,False,False,,not_specified,[],,,85859864,G2PROPIEDADRAIZ
MCO2046942760,Local Dúplex En Arriendo Envigado Sector Mesa,used,gold_premium,https://inmueble.mercadolibre.com.co/MCO-2046942760-local-duplex-en-arriendo-envigado-sector-mesa-_JM,classified,MCO,MCO50560,MCO-RETAIL_SPACE_FOR_RENT,10000000,1,,False,2024-12-10T15:19:37.053Z,"{'address_line': 'Barrio Mesa', 'zip_code': '', 'subneighborhood': None, 'neighborhood': {}, 'city': {'id': 'TUNPQ0VOVjU5YjYx', 'name': 'Envigado'}, 'state': {'id': 'TUNPUEFOVGFiZWI3', 'name': 'Antioquia'}, 'country': {'id': 'CO', 'name': 'Colombia'}, 'latitude': 6.1683858, 'longitude': -75.5843094}","{'contact': 'Grupo Respaldo Inmobiliario', 'other_info': '', 'webpage': '', 'area_code': '', 'phone': '', 'area_code2': '', 'phone2': '', 'email': ''}",False,[],,MCO1459,False,False,,not_specified,[],,,1194088518,GRUPORESPALDOINMOBILIARIOSA
MCO1380123219,Apartaestudio En Venta En Medellín - El Velódromo Cod 65648,used,gold_premium,https://apartamento.mercadolibre.com.co/MCO-1380123219-apartaestudio-en-venta-en-medellin-el-velodromo-cod-65648-_JM,classified,MCO,MCO1474,MCO-INDIVIDUAL_APARTMENTS_FOR_SALE,370000000,1,,False,2024-07-09T04:00:00.000Z,"{'address_line': '', 'zip_code': '', 'subneighborhood': None, 'neighborhood': {}, 'city': {'id': 'TUNPQ01FRGRjNjc4', 'name': 'Medellín'}, 'state': {'id': 'TUNPUEFOVGFiZWI3', 'name': 'Antioquia'}, 'country': {'id': 'CO', 'name': 'Colombia'}, 'latitude': 6.2515394, 'longitude': -75.5973167}","{'contact': '', 'other_info': '', 'webpage': '', 'area_code': '', 'phone': '', 'area_code2': '', 'phone2': '', 'email': ''}",False,[],,MCO1459,False,False,,not_specified,[],,,1408347909,HABITAMOSPROPIEDADRAIZSAS
MCO2188011260,"Finca De 3342m2 En Marinilla: Naturaleza, Comodidad",used,gold_premium,https://inmueble.mercadolibre.com.co/MCO-2188011260-finca-de-3342m2-en-marinilla-naturaleza-comodidad-_JM,classified,MCO,MCO6403,MCO-FARM_HOUSES_FOR_SALE,500000000,1,,False,2024-03-01T04:00:00.000Z,"{'address_line': 'Autopista Medellin Bogota SN', 'zip_code': '', 'subneighborhood': None, 'neighborhood': {}, 'city': {'id': 'TUNPQ01BUjdjNWY5', 'name': 'Marinilla'}, 'state': {'id': 'TUNPUEFOVGFiZWI3', 'name': 'Antioquia'}, 'country': {'id': 'CO', 'name': 'Colombia'}, 'latitude': 6.1191611, 'longitude': -75.3126573}","{'contact': '', 'other_info': '', 'webpage': '', 'area_code': '', 'phone': '', 'area_code2': '', 'phone2': '', 'email': ''}",False,[],,MCO1459,False,False,,not_specified,[],,,86052166,LUZ.STELLA.23
MCO1392167093,Casa En Venta Al Sur Jamundi Cr Manantial De Las Mercedes,used,gold_premium,https://casa.mercadolibre.com.co/MCO-1392167093-casa-en-venta-al-sur-jamundi-cr-manantial-de-las-mercedes-_JM,classified,MCO,MCO1468,MCO-INDIVIDUAL_HOUSES_FOR_SALE,450000000,1,,False,2024-08-13T04:00:00.000Z,"{'address_line': 'Las Mercedes', 'zip_code': '', 'subneighborhood': None, 'neighborhood': {}, 'city': {'id': 'TUNPQ0pBTTIwMTk', 'name': 'Jamundí'}, 'state': {'id': 'TUNPUFZBTGExNmNjNg', 'name': 'Valle Del Cauca'}, 'country': {'id': 'CO', 'name': 'Colombia'}, 'latitude': 3.2422895, 'longitude': -76.5780186}","{'contact': 'OSCAR CUELLAR', 'other_info': '', 'webpage': '', 'area_code': '', 'phone': '', 'area_code2': '', 'phone2': '', 'email': ''}",False,[],,MCO1459,False,False,,not_specified,[],,,270839294,COMERCIALJR900
MCO1386050289,Apartamento En Venta Santa Barbara Central,used,gold_premium,https://apartamento.mercadolibre.com.co/MCO-1386050289-apartamento-en-venta-santa-barbara-central-_JM,classified,MCO,MCO1474,MCO-INDIVIDUAL_APARTMENTS_FOR_SALE,1050000000,1,,False,2024-07-25T04:00:00.000Z,"{'address_line': '', 'zip_code': '', 'subneighborhood': None, 'neighborhood': {'id': 'TUNPQlNBTjcyOTYw', 'name': 'Santa Bárbara'}, 'city': {'id': 'TUNPQ1VTQTY3MTQ1', 'name': 'Usaquén'}, 'state': {'id': 'TUNPUEJPR1gxMDljZA', 'name': 'Bogotá D.C.'}, 'country': {'id': 'CO', 'name': 'Colombia'}, 'latitude': 4.6994667, 'longitude': -74.0379167}","{'contact': 'HUS INMOBILIARIA', 'other_info': '', 'webpage': '', 'area_code': '', 'phone': '', 'area_code2': '', 'phone2': '', 'email': ''}",False,[],,MCO1459,False,False,,not_specified,[],,,1461457366,HUSINMOBILIARIA
MCO1945901936,Apartamento En Venta En Pilarica Medellín,used,gold_premium,https://apartamento.mercadolibre.com.co/MCO-1945901936-apartamento-en-venta-en-pilarica-medellin-_JM,classified,MCO,MCO1474,MCO-INDIVIDUAL_APARTMENTS_FOR_SALE,420000000,1,,False,2024-03-31T04:00:00.000Z,"{'address_line': '', 'zip_code': '', 'subneighborhood': None, 'neighborhood': {'id': 'TVhYUGlsYXJpY2FUVU5QUTAxRlJHUmpOamM0', 'name': 'Pilarica'}, 'city': {'id': 'TUNPQ01FRGRjNjc4', 'name': 'Medellín'}, 'state': {'id': 'TUNPUEFOVGFiZWI3', 'name': 'Antioquia'}, 'country': {'id': 'CO', 'name': 'Colombia'}, 'latitude': 6.2738014, 'longitude': -75.5842922}","{'contact': 'MYE Propiedad Raiz', 'other_info': '', 'webpage': '', 'area_code': '', 'phone': '', 'area_code2': '', 'phone2': '', 'email': ''}",False,[],,MCO1459,False,False,,not_specified,[],,,1205739771,PROPIEDADMYE
MCO1871150022,"Apartamento En Venta Amoblado San Jerónimo, Antioquia",used,gold_premium,https://apartamento.mercadolibre.com.co/MCO-1871150022-apartamento-en-venta-amoblado-san-jeronimo-antioquia-_JM,classified,MCO,MCO1474,MCO-INDIVIDUAL_APARTMENTS_FOR_SALE,397216000,1,,False,2024-03-02T04:00:00.000Z,"{'address_line': 'San Jeronimo', 'zip_code': '', 'subneighborhood': None, 'neighborhood': {}, 'city': {'id': 'TUNPQ1NBTjEyMGQ3', 'name': 'San Jerónimo'}, 'state': {'id': 'TUNPUEFOVGFiZWI3', 'name': 'Antioquia'}, 'country': {'id': 'CO', 'name': 'Colombia'}, 'latitude': 6.2466367, 'longitude': -75.6072414}","{'contact': 'Habitar Propiedad Raiz', 'other_info': '', 'webpage': '', 'area_code': '', 'phone': '', 'area_code2': '', 'phone2': '', 'email': ''}",False,[],,MCO1459,False,False,,not_specified,[],,,1464310489,HABITAR PROPIEDADRAIZ
MCO1390620205,Apartamento Alquiler Santa Marta Gaira Vacaciones Sol Verano,used,gold_premium,https://apartamento.mercadolibre.com.co/MCO-1390620205-apartamento-alquiler-santa-marta-gaira-vacaciones-sol-verano-_JM,classified,MCO,MCO1473,MCO-APARTMENTS_FOR_RENT,70000,1,,False,2024-03-11T04:00:00.000Z,"{'address_line': 'Balcones de Gaira 0', 'zip_code': '', 'subneighborhood': None, 'neighborhood': {}, 'city': {'id': 'TUNPQ1NBTjJlNzY0', 'name': 'Santa Marta (Distrito Turistico Cultural E Historico)'}, 'state': {'id': 'TUNPUE1BR2FiZjQ0', 'name': 'Magdalena'}, 'country': {'id': 'CO', 'name': 'Colombia'}, 'latitude': 11.1880948, 'longitude': -74.2085046}","{'contact': '', 'other_info': '', 'webpage': '', 'area_code': '', 'phone': '', 'area_code2': '', 'phone2': '', 'email': ''}",False,[],,MCO1459,False,False,not_specified,not_specified,[],,,56653030,APARTAMENTOS09
MCO1388897217,"Venta Apartamento  En Llanogrande, Airbnb Y Licencia Hotelera",used,gold_premium,https://apartamento.mercadolibre.com.co/MCO-1388897217-venta-apartamento-en-llanogrande-airbnb-y-licencia-hotelera-_JM,classified,MCO,MCO1474,MCO-INDIVIDUAL_APARTMENTS_FOR_SALE,1580000000,1,,False,2024-08-03T04:00:00.000Z,"{'address_line': 'Llanogrande, Rionegro Antioquia', 'zip_code': '', 'subneighborhood': None, 'neighborhood': {}, 'city': {'id': 'TUNPQ1JJTzNmYmVk', 'name': 'Rionegro'}, 'state': {'id': 'TUNPUEFOVGFiZWI3', 'name': 'Antioquia'}, 'country': {'id': 'CO', 'name': 'Colombia'}, 'latitude': 6.1148157, 'longitude': -75.4310406}","{'contact': 'MARTHA LUCIA OROZCO HOYOS', 'other_info': '', 'webpage': '', 'area_code': '', 'phone': '', 'area_code2': '', 'phone2': '', 'email': ''}",False,[],,MCO1459,False,False,,not_specified,[],,,205152790,MARTHALUCIAOROZCOHOYOS
MCO1388371285,Apartaestudio En Arriendo Poblado Sector Ciudad Del Rio ,used,gold_premium,https://apartamento.mercadolibre.com.co/MCO-1388371285-apartaestudio-en-arriendo-poblado-sector-ciudad-del-rio-_JM,classified,MCO,MCO1473,MCO-APARTMENTS_FOR_RENT,4500000,1,,False,2024-05-06T14:19:11.000Z,"{'address_line': '', 'zip_code': '', 'subneighborhood': None, 'neighborhood': {'id': 'TVhYQ2l1ZGFkIERlbCBSaW9UVU5QUTAxRlJHU', 'name': 'Ciudad Del Rio'}, 'city': {'id': 'TUNPQ01FRGRjNjc4', 'name': 'Medellín'}, 'state': {'id': 'TUNPUEFOVGFiZWI3', 'name': 'Antioquia'}, 'country': {'id': 'CO', 'name': 'Colombia'}, 'latitude': 6.223568, 'longitude': -75.5712331}","{'contact': 'Grupo Respaldo Inmobiliario', 'other_info': '', 'webpage': '', 'area_code': '', 'phone': '', 'area_code2': '', 'phone2': '', 'email': ''}",False,[],,MCO1459,False,False,,not_specified,[],,,1194088518,GRUPORESPALDOINMOBILIARIOSA
MCO1388371227,Casa Dúplex En Arriendo Envigado Sector Quintas Del Palmar,used,gold_premium,https://casa.mercadolibre.com.co/MCO-1388371227-casa-duplex-en-arriendo-envigado-sector-quintas-del-palmar-_JM,classified,MCO,MCO1467,MCO-HOUSES_FOR_RENT,15500000,1,,False,2024-05-06T13:51:58.000Z,"{'address_line': '', 'zip_code': '', 'subneighborhood': None, 'neighborhood': {'id': 'TVhYRWwgRXNjb2Jlcm9UVU5QUTBWT1ZqVTVZa', 'name': 'El Escobero'}, 'city': {'id': 'TUNPQ0VOVjU5YjYx', 'name': 'Envigado'}, 'state': {'id': 'TUNPUEFOVGFiZWI3', 'name': 'Antioquia'}, 'country': {'id': 'CO', 'name': 'Colombia'}, 'latitude': 6.1850354, 'longitude': -75.5801639}","{'contact': 'Grupo Respaldo Inmobiliario', 'other_info': '', 'webpage': '', 'area_code': '', 'phone': '', 'area_code2': '', 'phone2': '', 'email': ''}",False,[],,MCO1459,False,False,,not_specified,[],,,1194088518,GRUPORESPALDOINMOBILIARIOSA
MCO1388486413,Apartamento En Arriendo Medellín Sector Poblado,used,gold_premium,https://apartamento.mercadolibre.com.co/MCO-1388486413-apartamento-en-arriendo-medellin-sector-poblado-_JM,classified,MCO,MCO1473,MCO-APARTMENTS_FOR_RENT,6500000,1,,False,2024-05-06T13:55:38.000Z,"{'address_line': '', 'zip_code': '', 'subneighborhood': None, 'neighborhood': {'id': 'TUNPQkVMUDI3MDA0Ng', 'name': 'El Poblado'}, 'city': {'id': 'TUNPQ01FRGRjNjc4', 'name': 'Medellín'}, 'state': {'id': 'TUNPUEFOVGFiZWI3', 'name': 'Antioquia'}, 'country': {'id': 'CO', 'name': 'Colombia'}, 'latitude': 6.2030557, 'longitude': -75.5694878}","{'contact': 'Grupo Respaldo Inmobiliario', 'other_info': '', 'webpage': '', 'area_code': '', 'phone': '', 'area_code2': '', 'phone2': '', 'email': ''}",False,[],,MCO1459,False,False,,not_specified,[],,,1194088518,GRUPORESPALDOINMOBILIARIOSA
MCO1388383937,Local En Arriendo Medellín Sector Laureles,used,gold_premium,https://inmueble.mercadolibre.com.co/MCO-1388383937-local-en-arriendo-medellin-sector-laureles-_JM,classified,MCO,MCO50560,MCO-RETAIL_SPACE_FOR_RENT,4000000,1,,False,2025-02-05T13:55:32.000Z,"{'address_line': '', 'zip_code': '', 'subneighborhood': None, 'neighborhood': {'id': 'TUNPQkxBVTg0OTAyNg', 'name': 'Laureles'}, 'city': {'id': 'TUNPQ01FRGRjNjc4', 'name': 'Medellín'}, 'state': {'id': 'TUNPUEFOVGFiZWI3', 'name': 'Antioquia'}, 'country': {'id': 'CO', 'name': 'Colombia'}, 'latitude': 6.2476376, 'longitude': -75.5658153}","{'contact': 'Grupo Respaldo Inmobiliario', 'other_info': '', 'webpage': '', 'area_code': '', 'phone': '', 'area_code2': '', 'phone2': '', 'email': ''}",False,[],,MCO1459,False,False,,not_specified,[],,,1194088518,GRUPORESPALDOINMOBILIARIOSA
MCO1386614479,Casa Dúplex En Arriendo Envigado Sector Quebrada Blanca,used,gold_premium,https://apartamento.mercadolibre.com.co/MCO-1386614479-casa-duplex-en-arriendo-envigado-sector-quebrada-blanca-_JM,classified,MCO,MCO1473,MCO-APARTMENTS_FOR_RENT,12300000,1,,False,2024-05-01T14:19:38.000Z,"{'address_line': 'Quebrada Clara', 'zip_code': '', 'subneighborhood': None, 'neighborhood': {}, 'city': {'id': 'TUNPQ0VOVjU5YjYx', 'name': 'Envigado'}, 'state': {'id': 'TUNPUEFOVGFiZWI3', 'name': 'Antioquia'}, 'country': {'id': 'CO', 'name': 'Colombia'}, 'latitude': 6.1672865, 'longitude': -75.5836963}","{'contact': 'Grupo Respaldo Inmobiliario', 'other_info': '', 'webpage': '', 'area_code': '', 'phone': '', 'area_code2': '', 'phone2': '', 'email': ''}",False,[],,MCO1459,False,False,,not_specified,[],,,1194088518,GRUPORESPALDOINMOBILIARIOSA
MCO1386563847,Oficina En Arriendo Caldas Sector Primavera,used,gold_premium,https://inmueble.mercadolibre.com.co/MCO-1386563847-oficina-en-arriendo-caldas-sector-primavera-_JM,classified,MCO,MCO6399,MCO-OFFICES_FOR_RENT,10500000,1,,False,2025-01-31T13:58:27.000Z,"{'address_line': 'Via Primavera', 'zip_code': '', 'subneighborhood': None, 'neighborhood': {}, 'city': {'id': 'TUNPQ0NBTDQ5NDdh', 'name': 'Caldas'}, 'state': {'id': 'TUNPUEFOVGFiZWI3', 'name': 'Antioquia'}, 'country': {'id': 'CO', 'name': 'Colombia'}, 'latitude': 6.0672652, 'longitude': -75.6341793}","{'contact': 'Grupo Respaldo Inmobiliario', 'other_info': '', 'webpage': '', 'area_code': '', 'phone': '', 'area_code2': '', 'phone2': '', 'email': ''}",False,[],,MCO1459,False,False,,not_specified,[],,,1194088518,GRUPORESPALDOINMOBILIARIOSA
MCO1386640107,Apartamento En Arriendo En Envigado Sector El Trianon,used,gold_premium,https://apartamento.mercadolibre.com.co/MCO-1386640107-apartamento-en-arriendo-en-envigado-sector-el-trianon-_JM,classified,MCO,MCO1473,MCO-APARTMENTS_FOR_RENT,3100000,1,,False,2024-05-01T14:01:17.000Z,"{'address_line': '', 'zip_code': '', 'subneighborhood': None, 'neighborhood': {'id': 'TVhYRWwgVHJpYW5vblRVTlBRMFZPVmpVNVlqW', 'name': 'El Trianon'}, 'city': {'id': 'TUNPQ0VOVjU5YjYx', 'name': 'Envigado'}, 'state': {'id': 'TUNPUEFOVGFiZWI3', 'name': 'Antioquia'}, 'country': {'id': 'CO', 'name': 'Colombia'}, 'latitude': 6.1553974, 'longitude': -75.5927862}","{'contact': 'Grupo Respaldo Inmobiliario', 'other_info': '', 'webpage': '', 'area_code': '', 'phone': '', 'area_code2': '', 'phone2': '', 'email': ''}",False,[],,MCO1459,False,False,,not_specified,[],,,1194088518,GRUPORESPALDOINMOBILIARIOSA
MCO1372907419,Apartamento Amoblado En Arriendo Medellín Sector Calasanz,used,gold_premium,https://apartamento.mercadolibre.com.co/MCO-1372907419-apartamento-amoblado-en-arriendo-medellin-sector-calasanz-_JM,classified,MCO,MCO1473,MCO-APARTMENTS_FOR_RENT,4000000,1,,False,2024-04-04T02:23:15.091Z,"{'address_line': 'Calazans', 'zip_code': '', 'subneighborhood': None, 'neighborhood': {}, 'city': {'id': 'TUNPQ01FRGRjNjc4', 'name': 'Medellín'}, 'state': {'id': 'TUNPUEFOVGFiZWI3', 'name': 'Antioquia'}, 'country': {'id': 'CO', 'name': 'Colombia'}, 'latitude': 6.2593626, 'longitude': -75.5984596}","{'contact': 'Grupo Respaldo Inmobiliario', 'other_info': '', 'webpage': '', 'area_code': '', 'phone': '', 'area_code2': '', 'phone2': '', 'email': ''}",False,[],,MCO1459,False,False,,not_specified,[],,,1194088518,GRUPORESPALDOINMOBILIARIOSA
MCO1368938791,Local Dúplex  En Arriendo En Medellin Sector Calasanz,used,gold_premium,https://inmueble.mercadolibre.com.co/MCO-1368938791-local-duplex-en-arriendo-en-medellin-sector-calasanz-_JM,classified,MCO,MCO50560,MCO-RETAIL_SPACE_FOR_RENT,10000000,1,,False,2024-12-23T15:01:06.441Z,"{'address_line': 'Calazans', 'zip_code': '', 'subneighborhood': None, 'neighborhood': {}, 'city': {'id': 'TUNPQ01FRGRjNjc4', 'name': 'Medellín'}, 'state': {'id': 'TUNPUEFOVGFiZWI3', 'name': 'Antioquia'}, 'country': {'id': 'CO', 'name': 'Colombia'}, 'latitude': 6.2646251, 'longitude': -75.5966281}","{'contact': 'Grupo Respaldo Inmobiliario', 'other_info': '', 'webpage': '', 'area_code': '', 'phone': '', 'area_code2': '', 'phone2': '', 'email': ''}",False,[],,MCO1459,False,False,,not_specified,[],,,1194088518,GRUPORESPALDOINMOBILIARIOSA
MCO2078089364,Apartamento Amoblado En Arriendo Sabaneta Sector Calle Larga,used,gold_premium,https://apartamento.mercadolibre.com.co/MCO-2078089364-apartamento-amoblado-en-arriendo-sabaneta-sector-calle-larga-_JM,classified,MCO,MCO1473,MCO-APARTMENTS_FOR_RENT,3600000,1,,False,2024-03-21T15:25:02.769Z,"{'address_line': '', 'zip_code': '', 'subneighborhood': None, 'neighborhood': {'id': 'TVhYQXZlcyBNYXJpYVRVTlBRMU5CUWpsaVpqQ', 'name': 'Aves Maria'}, 'city': {'id': 'TUNPQ1NBQjliZjBm', 'name': 'Sabaneta'}, 'state': {'id': 'TUNPUEFOVGFiZWI3', 'name': 'Antioquia'}, 'country': {'id': 'CO', 'name': 'Colombia'}, 'latitude': 6.2518867, 'longitude': -75.56346}","{'contact': 'Grupo Respaldo Inmobiliario', 'other_info': '', 'webpage': '', 'area_code': '', 'phone': '', 'area_code2': '', 'phone2': '', 'email': ''}",False,[],,MCO1459,False,False,,not_specified,[],,,1194088518,GRUPORESPALDOINMOBILIARIOSA
MCO1364096269,Casa Dúplex En Arriendo En Envigado Sector Bosque El Chuscal,used,gold_premium,https://casa.mercadolibre.com.co/MCO-1364096269-casa-duplex-en-arriendo-en-envigado-sector-bosque-el-chuscal-_JM,classified,MCO,MCO1467,MCO-HOUSES_FOR_RENT,9500000,1,,False,2024-03-10T15:10:49.393Z,"{'address_line': 'Chuscal', 'zip_code': '', 'subneighborhood': None, 'neighborhood': {}, 'city': {'id': 'TUNPQ0VOVjU5YjYx', 'name': 'Envigado'}, 'state': {'id': 'TUNPUEFOVGFiZWI3', 'name': 'Antioquia'}, 'country': {'id': 'CO', 'name': 'Colombia'}, 'latitude': 6.165178, 'longitude': -75.5692486}","{'contact': 'Grupo Respaldo Inmobiliario', 'other_info': '', 'webpage': '', 'area_code': '', 'phone': '', 'area_code2': '', 'phone2': '', 'email': ''}",False,[],,MCO1459,False,False,,not_specified,[],,,1194088518,GRUPORESPALDOINMOBILIARIOSA
MCO1364082957,Oficina En Venta En Medellín Sector Poblado ,used,gold_premium,https://inmueble.mercadolibre.com.co/MCO-1364082957-oficina-en-venta-en-medellin-sector-poblado-_JM,classified,MCO,MCO6401,MCO-INDIVIDUAL_OFFICES_FOR_SALE,281800000,1,,False,2024-12-10T15:40:10.926Z,"{'address_line': '', 'zip_code': '', 'subneighborhood': None, 'neighborhood': {'id': 'TUNPQkVMUDI3MDA0Ng', 'name': 'El Poblado'}, 'city': {'id': 'TUNPQ01FRGRjNjc4', 'name': 'Medellín'}, 'state': {'id': 'TUNPUEFOVGFiZWI3', 'name': 'Antioquia'}, 'country': {'id': 'CO', 'name': 'Colombia'}, 'latitude': 6.2025304, 'longitude': -75.5726777}","{'contact': 'Grupo Respaldo Inmobiliario', 'other_info': '', 'webpage': '', 'area_code': '', 'phone': '', 'area_code2': '', 'phone2': '', 'email': ''}",False,[],,MCO1459,False,False,,not_specified,[],,,1194088518,GRUPORESPALDOINMOBILIARIOSA
MCO1364134681,Bodega En Arriendo Sector Bello,used,gold_premium,https://inmueble.mercadolibre.com.co/MCO-1364134681-bodega-en-arriendo-sector-bello-_JM,classified,MCO,MCO50565,MCO-WAREHOUSES_FOR_RENT,30047000,1,,False,2024-12-10T15:18:25.807Z,"{'address_line': 'Bello', 'zip_code': '', 'subneighborhood': None, 'neighborhood': {}, 'city': {'id': 'TUNPQ0JFTDg0Y2E', 'name': 'Bello'}, 'state': {'id': 'TUNPUEFOVGFiZWI3', 'name': 'Antioquia'}, 'country': {'id': 'CO', 'name': 'Colombia'}, 'latitude': 6.3513599, 'longitude': -75.5185168}","{'contact': 'Grupo Respaldo Inmobiliario', 'other_info': '', 'webpage': '', 'area_code': '', 'phone': '', 'area_code2': '', 'phone2': '', 'email': ''}",False,[],,MCO1459,False,False,,not_specified,[],,,1194088518,GRUPORESPALDOINMOBILIARIOSA
MCO1364021183,Apartamento En Arriendo Envigado Sector Las Brujas,used,gold_premium,https://apartamento.mercadolibre.com.co/MCO-1364021183-apartamento-en-arriendo-envigado-sector-las-brujas-_JM,classified,MCO,MCO1473,MCO-APARTMENTS_FOR_RENT,4500000,1,,False,2024-03-10T15:02:43.626Z,"{'address_line': '', 'zip_code': '', 'subneighborhood': None, 'neighborhood': {'id': 'TVhYTG9tYSBkZSBsYXMgYnJ1amFzVFVOUFEwV', 'name': 'Loma de las brujas'}, 'city': {'id': 'TUNPQ0VOVjU5YjYx', 'name': 'Envigado'}, 'state': {'id': 'TUNPUEFOVGFiZWI3', 'name': 'Antioquia'}, 'country': {'id': 'CO', 'name': 'Colombia'}, 'latitude': 6.1538507, 'longitude': -75.5747195}","{'contact': 'Grupo Respaldo Inmobiliario', 'other_info': '', 'webpage': '', 'area_code': '', 'phone': '', 'area_code2': '', 'phone2': '', 'email': ''}",False,[],,MCO1459,False,False,,not_specified,[],,,1194088518,GRUPORESPALDOINMOBILIARIOSA
MCO1364053959,Apartamento En Arriendo Medellín Sector Poblado,used,gold_premium,https://apartamento.mercadolibre.com.co/MCO-1364053959-apartamento-en-arriendo-medellin-sector-poblado-_JM,classified,MCO,MCO1473,MCO-APARTMENTS_FOR_RENT,3500000,1,,False,2024-03-10T15:11:40.813Z,"{'address_line': '', 'zip_code': '', 'subneighborhood': None, 'neighborhood': {'id': 'TUNPQlNBTjgwOTY2Ng', 'name': 'San Diego'}, 'city': {'id': 'TUNPQ01FRGRjNjc4', 'name': 'Medellín'}, 'state': {'id': 'TUNPUEFOVGFiZWI3', 'name': 'Antioquia'}, 'country': {'id': 'CO', 'name': 'Colombia'}, 'latitude': 6.2332766, 'longitude': -75.5690849}","{'contact': 'Grupo Respaldo Inmobiliario', 'other_info': '', 'webpage': '', 'area_code': '', 'phone': '', 'area_code2': '', 'phone2': '', 'email': ''}",False,[],,MCO1459,False,False,,not_specified,[],,,1194088518,GRUPORESPALDOINMOBILIARIOSA
MCO2047033942,Apartamento En Venta Sabaneta Sector Calle Larga,used,gold_premium,https://apartamento.mercadolibre.com.co/MCO-2047033942-apartamento-en-venta-sabaneta-sector-calle-larga-_JM,classified,MCO,MCO1474,MCO-INDIVIDUAL_APARTMENTS_FOR_SALE,470000000,1,,False,2024-06-08T15:17:21.635Z,"{'address_line': '', 'zip_code': '', 'subneighborhood': None, 'neighborhood': {'id': 'TVhYQ2FsbGUgTGFyZ2FUVU5QUTFOQlFqbGlaa', 'name': 'Calle Larga'}, 'city': {'id': 'TUNPQ1NBQjliZjBm', 'name': 'Sabaneta'}, 'state': {'id': 'TUNPUEFOVGFiZWI3', 'name': 'Antioquia'}, 'country': {'id': 'CO', 'name': 'Colombia'}, 'latitude': 6.1501715, 'longitude': -75.6188601}","{'contact': 'Grupo Respaldo Inmobiliario', 'other_info': '', 'webpage': '', 'area_code': '', 'phone': '', 'area_code2': '', 'phone2': '', 'email': ''}",False,[],,MCO1459,False,False,,not_specified,[],,,1194088518,GRUPORESPALDOINMOBILIARIOSA
MCO2047055206,Apartamento En Arriendo Medellín Sector Poblado,used,gold_premium,https://apartamento.mercadolibre.com.co/MCO-2047055206-apartamento-en-arriendo-medellin-sector-poblado-_JM,classified,MCO,MCO1473,MCO-APARTMENTS_FOR_RENT,5000000,1,,False,2024-03-10T14:54:51.323Z,"{'address_line': '', 'zip_code': '', 'subneighborhood': None, 'neighborhood': {'id': 'TVhYQ2l1ZGFkIERlbCBSaW9UVU5QUTAxRlJHU', 'name': 'Ciudad Del Rio'}, 'city': {'id': 'TUNPQ01FRGRjNjc4', 'name': 'Medellín'}, 'state': {'id': 'TUNPUEFOVGFiZWI3', 'name': 'Antioquia'}, 'country': {'id': 'CO', 'name': 'Colombia'}, 'latitude': 6.223568, 'longitude': -75.5712331}","{'contact': 'Grupo Respaldo Inmobiliario', 'other_info': '', 'webpage': '', 'area_code': '', 'phone': '', 'area_code2': '', 'phone2': '', 'email': ''}",False,[],,MCO1459,False,False,,not_specified,[],,,1194088518,GRUPORESPALDOINMOBILIARIOSA
MCO2200729342,Venta De Finca En San Rafael Antioquia Cerca Del Malecón De Guatapé,used,gold_premium,https://inmueble.mercadolibre.com.co/MCO-2200729342-venta-de-finca-en-san-rafael-antioquia-cerca-del-malecon-de-guatape-_JM,classified,MCO,MCO6403,MCO-FARM_HOUSES_FOR_SALE,500000000,1,,False,2025-02-05T04:00:00.000Z,"{'address_line': 'Vereda Farallones', 'zip_code': '', 'subneighborhood': None, 'neighborhood': {}, 'city': {'id': 'TUNPQ1NBTmJjOTBm', 'name': 'San Rafael'}, 'state': {'id': 'TUNPUEFOVGFiZWI3', 'name': 'Antioquia'}, 'country': {'id': 'CO', 'name': 'Colombia'}, 'latitude': 6.2879987, 'longitude': -75.0750089}","{'contact': 'Mejía Guerra Propiedades', 'other_info': '', 'webpage': '', 'area_code': '', 'phone': '', 'area_code2': '', 'phone2': '', 'email': ''}",False,[],,MCO1459,False,False,,not_specified,[],,,280906476,MEJIAGUERRAPROPIEDADES
MCO2160884530,Apartamento En Arriendo Y Venta En Los Cambulos (279054506).,new,gold_premium,https://apartamento.mercadolibre.com.co/MCO-2160884530-apartamento-en-arriendo-y-venta-en-los-cambulos-279054506-_JM,classified,MCO,MCO1473,MCO-APARTMENTS_FOR_RENT,1500000,1,59268.0,False,2024-04-17T04:00:00.000Z,"{'address_line': 'Portales', 'zip_code': '', 'subneighborhood': None, 'neighborhood': {}, 'city': {'id': 'TUNPQ01BTmMwNDc4', 'name': 'Manizales'}, 'state': {'id': 'TUNPUENBTHNjODY4', 'name': 'Caldas'}, 'country': {'id': 'CO', 'name': 'Colombia'}, 'latitude': 5.047907, 'longitude': -75.505776}","{'contact': 'MILLAN Y ASOCIADOS PROPIEDAD RAIZ SAS', 'other_info': '', 'webpage': '', 'area_code': '', 'phone': '', 'area_code2': '', 'phone2': '', 'email': ''}",False,[],Millan Asociados,MCO1459,False,False,,not_specified,[],,,1438209200,MILLANMILLAN20230731130103
MCO1387841499,"Oportunidad Venta Apartamento Remodelado Cerca A Las Chimeneas, Viviendas Del Sur Itagüí",used,gold_premium,https://apartamento.mercadolibre.com.co/MCO-1387841499-oportunidad-venta-apartamento-remodelado-cerca-a-las-chimeneas-viviendas-del-sur-itagui-_JM,classified,MCO,MCO1474,MCO-INDIVIDUAL_APARTMENTS_FOR_SALE,285000000,1,,False,2024-07-30T04:00:00.000Z,"{'address_line': 'Cra. 56 # 62 42, Itagüi, Antioquia, Colombia', 'zip_code': '', 'subneighborhood': None, 'neighborhood': {}, 'city': {'id': 'TUNPQ0lUQThkMzc5', 'name': 'Itaguí'}, 'state': {'id': 'TUNPUEFOVGFiZWI3', 'name': 'Antioquia'}, 'country': {'id': 'CO', 'name': 'Colombia'}, 'latitude': 6.1797885, 'longitude': -75.6042695}","{'contact': '', 'other_info': '', 'webpage': '', 'area_code': '', 'phone': '', 'area_code2': '', 'phone2': '', 'email': ''}",False,[],,MCO1459,False,False,,not_specified,[],,,1662528731,SONIARIVERA_INMOBILIARIA
MCO1931180354,Venta Lote En Condominio Con Hermosa Vista Cerritos ,new,gold_premium,https://lote-casalote.mercadolibre.com.co/MCO-1931180354-venta-lote-en-condominio-con-hermosa-vista-cerritos-_JM,classified,MCO,MCO52059,MCO-INDIVIDUAL_LANDS_FOR_SALE,630000000,1,,False,2024-09-24T04:00:00.000Z,"{'address_line': '', 'zip_code': '', 'subneighborhood': None, 'neighborhood': {'id': 'TVhYQ2Vycml0b3NUVU5QUTFCRlVtTXdNakpr', 'name': 'Cerritos'}, 'city': {'id': 'TUNPQ1BFUmMwMjJk', 'name': 'Pereira'}, 'state': {'id': 'TUNPUFJJU2ExMWIyYg', 'name': 'Risaralda'}, 'country': {'id': 'CO', 'name': 'Colombia'}, 'latitude': 4.8056599, 'longitude': -75.84813}","{'contact': 'Grupo Momento Zero SAS', 'other_info': '', 'webpage': '', 'area_code': '', 'phone': '', 'area_code2': '', 'phone2': '', 'email': ''}",False,[],,MCO1459,False,False,,not_specified,[],,,232541369,MOMENTOZEROSASGRUPO
MCO2167342262, Venta Apartamento Hermosa Vista Alamos -pereira,new,gold_premium,https://apartamento.mercadolibre.com.co/MCO-2167342262-venta-apartamento-hermosa-vista-alamos-pereira-_JM,classified,MCO,MCO1474,MCO-INDIVIDUAL_APARTMENTS_FOR_SALE,520000000,1,,False,2024-07-20T04:00:00.000Z,"{'address_line': 'Álamos', 'zip_code': '', 'subneighborhood': None, 'neighborhood': {}, 'city': {'id': 'TUNPQ1BFUmMwMjJk', 'name': 'Pereira'}, 'state': {'id': 'TUNPUFJJU2ExMWIyYg', 'name': 'Risaralda'}, 'country': {'id': 'CO', 'name': 'Colombia'}, 'latitude': 4.7971199, 'longitude': -75.69065}","{'contact': 'Luz Stella Marulanda', 'other_info': '', 'webpage': '', 'area_code': '', 'phone': '', 'area_code2': '', 'phone2': '', 'email': ''}",False,[],,MCO1459,False,False,,not_specified,[],,,1203373048,INMOGESTIONCOL
MCO2093167066,Apartamento Amoblado En La Castellana Montería Edificio Coral,used,gold_premium,https://apartamento.mercadolibre.com.co/MCO-2093167066-apartamento-amoblado-en-la-castellana-monteria-edificio-coral-_JM,classified,MCO,MCO1474,MCO-INDIVIDUAL_APARTMENTS_FOR_SALE,190000000,1,,False,2024-06-20T20:10:39.713Z,"{'address_line': 'Montería, Córdoba, Colombia', 'zip_code': '', 'subneighborhood': None, 'neighborhood': {'id': 'TUNPQkxBQzQ3NzU0OQ', 'name': 'La Castellana'}, 'city': {'id': 'TUNPQ01PTmQ2Mjcw', 'name': 'Montería'}, 'state': {'id': 'TUNPUENPUmFkZGIw', 'name': 'Córdoba'}, 'country': {'id': 'CO', 'name': 'Colombia'}, 'latitude': 8.750983, 'longitude': -75.8785348}","{'contact': '', 'other_info': '', 'webpage': '', 'area_code': '', 'phone': '', 'area_code2': '', 'phone2': '', 'email': ''}",False,[],,MCO1459,False,False,,not_specified,[],,,226350558,INMOBILIARIAKAYROS
